101101010000
000000000000
111101010000
101010100000
111010100000
110101000000
000101000000
011100100011
111010100111
101101010000
000010100000
111101010000
101010100000
111010100000
110101000000
000101000000
011100100000
111010100000
101101010000
000010100000
111101010000
101010100000
111010100000
110101000000
000101000000
011100100000
111010100000
101101010000
000010100000
111101010000
101010100000
111010100000
110101000000
000101000000
011100100000
111010100000
101101010000
000010100000
111101010000
101010100000
111010100000
110101000000
000101000000
011100100000
111010100000
101101010000
000010100000
111101010000
101010100000
111010100000
110101000000
000101000000
011100100000
111010100000
101101010000
000010100000
111101010000
101010100000
111010100000
110101000000
000101000000
011100100000
111010100000
111010111010
